744444444444444444444444444444444444444444444444444444444444444444444440
744444444444444444444444440000000000000000004444444444444444444444444440
744444444444444444444440000000000000000000000000444444444444444444444440
744444444444444444440000000000000000000000000000004444444444444444444440
744444444444444444400000000000004444444000000000000044444444444444444440
744444444444444444000000004777777777777764400000000000444444444444444440
744444444444444444000004667777777777777777666640000000444444444444444440
744444444444444444000044000000477777774000040444000000444444444444444440
744444444444444444400444400007667777776400044666400004444444444444444440
744444444444444444440667777777777777777777777777600444444444444444444440
744444444444444444444467777777767777767777777777644644444444444444444440
744444444444444444444466777777776646647777777776464444444444444444444440
744444444444444444444444667776666777777777777666444444444444444444444444
744444444444444444444444666666766444677766666664444444444444444444444440
744444444444444444444440044466777777777766644404444444444444444444444440
744444444444444444444033066664440000444444466400044444444444444444444444
744444444444444440033333467776666676666666666400330444444444444444444440
744444444400077003333333077777766666667777777600333333304444444444444440
640000001777007733333333347777777777777777777603333333300000304444444440
700000000177333333333333336777777777777777777033333333330017770077704440
700113333333333333333333333777777777777777777333333333333337017771000000
